75 81 87 75 88 65 65 78 73 82 75 76 88 76 68 79 75 74 72 81 89 88 89 87 79 79 69 74 88 79 83 72 79 81
66 86 74 83 72 87 81 77 86 72 88 80 65 81 84 78 84 66 83 81 70 72 80 89 90 89 65 77 69 67 83 87 85 80
81 73 88 79 73 78 83 67 65 70 89 81 82 74 72 79 65 84 66 67 88 71 78 79 76 80 89 76 70 72 87 73 71 79
73 90 75 79 75 86 70 76 84 71 86 80 86 81 70 84 68 76 82 81 89 70 87 79 85 90 74 87 79 74 73 74 77 90
80 85 77 69 76 80 85 67 89 82 68 80 71 84 76 84 81 74 87 73 74 89 81 85 90 68 75 80 73 88 87 74 87 84
90 65 86 86 78 75 69 76 68 67 65 77 88 83 68 66 80 88 76 68 75 87 77 86 81 65 86 83 66 65 82 80 88 86
80 67 90 70 80 84 90 67 69 84 86 79 66 90 72 67 70 82 87 78 80 77 84 89 67 69 86 87 67 69 78 80 72 78
75 81 76 72 80 77 71 69 77 68 67 89 74 75 71 90 80 80 75 86 72 77 81 87 70 74 70 89 73 68 70 65 86 66
86 83 88 69 70 65 72 65 72 65 89 82 82 87 90 77 81 89 77 84 80 68 68 85 71 67 69 65 65 70 68 69 81 73
68 67 78 89 68 83 77 76 65 70 66 71 75 65 73 77 68 71 72 76 72 69 80 77 71 66 90 82 90 90 81 70 69 75
72 65 84 72 74 73 65 82 74 81 82 69 77 72 79 73 65 76 77 90 78 66 81 86 77 69 69 73 77 86 84 77 87 67
84 82 68 87 81 89 73 81 73 76 70 84 84 87 90 73 77 84 82 81 83 74 82 84 88 67 74 81 90 78 66 85 88 89
78 90 73 67 88 67 85 72 72 71 67 88 72 73 71 75 80 85 82 76 88 76 76 73 65 83 71 69 67 82 89 86 83 78
75 66 68 88 68 79 71 67 81 68 77 65 84 70 75 80 90 88 69 77 90 79 85 84 80 75 72 87 76 80 73 68 82 65
78 86 72 83 82 75 81 80 66 90 84 71 67 69 71 77 80 68 68 79 89 68 76 75 79 67 79 83 76 66 83 78 70 79
74 67 77 72 69 86 66 89 86 84 66 76 82 85 70 66 87 87 66 67 80 90 90 77 65 85 77 77 74 77 89 88 79 89
71 67 78 65 85 84 70 75 85 82 83 80 65 90 80 88 81 90 85 69 69 80 85 69 74 83 83 71 82 67 71 87 83 68
82 90 81 70 90 89 88 86 79 90 68 65 77 67 77 79 80 71 65 81 79 78 87 88 66 68 81 87 72 68 76 84 81 73
72 80 65 85 84 86 79 76 87 80 68 83 75 80 77 73 79 65 89 72 66 80 74 65 88 90 73 69 90 74 70 72 77 71
70 83 69 85 88 79 78 73 69 81 79 81 80 75 69 86 67 89 86 66 69 76 74 66 82 73 76 80 69 82 65 79 80 90